idrag output file
Hellstinger Case 01                                                     
    0    = input mode
    1    = write flag
    1    = symmetry flag
    0.60 = design lift coefficient
    0    = moment coefficient flag
    0.00 = design moment coefficient
    1.20 = x cg position
    0.25 = center of pressure for airfoil sections
   12.50 = reference area
    1.10 = reference chord
    1    = number of panels

    x        y        z    for panel 1
    0.00     0.00     0.00
    0.00     5.00     0.00
    1.00     5.00     0.00
    1.00     0.00     0.00
   40    = number of vortices
    0    = vortex spacing flag

    i   x        y        z        load     cn
    1   0.2500   0.0625   0.0000   0.8627   0.9490
    2   0.2500   0.1875   0.0000   0.8622   0.9484
    3   0.2500   0.3125   0.0000   0.8611   0.9472
    4   0.2500   0.4375   0.0000   0.8595   0.9455
    5   0.2500   0.5625   0.0000   0.8574   0.9431
    6   0.2500   0.6875   0.0000   0.8547   0.9402
    7   0.2500   0.8125   0.0000   0.8515   0.9366
    8   0.2500   0.9375   0.0000   0.8477   0.9324
    9   0.2500   1.0625   0.0000   0.8433   0.9277
   10   0.2500   1.1875   0.0000   0.8384   0.9222
   11   0.2500   1.3125   0.0000   0.8329   0.9162
   12   0.2500   1.4375   0.0000   0.8268   0.9095
   13   0.2500   1.5625   0.0000   0.8201   0.9021
   14   0.2500   1.6875   0.0000   0.8128   0.8941
   15   0.2500   1.8125   0.0000   0.8049   0.8853
   16   0.2500   1.9375   0.0000   0.7962   0.8759
   17   0.2500   2.0625   0.0000   0.7870   0.8657
   18   0.2500   2.1875   0.0000   0.7770   0.8547
   19   0.2500   2.3125   0.0000   0.7663   0.8429
   20   0.2500   2.4375   0.0000   0.7548   0.8303
   21   0.2500   2.5625   0.0000   0.7425   0.8168
   22   0.2500   2.6875   0.0000   0.7294   0.8023
   23   0.2500   2.8125   0.0000   0.7154   0.7869
   24   0.2500   2.9375   0.0000   0.7005   0.7705
   25   0.2500   3.0625   0.0000   0.6846   0.7530
   26   0.2500   3.1875   0.0000   0.6676   0.7343
   27   0.2500   3.3125   0.0000   0.6494   0.7144
   28   0.2500   3.4375   0.0000   0.6301   0.6931
   29   0.2500   3.5625   0.0000   0.6093   0.6702
   30   0.2500   3.6875   0.0000   0.5870   0.6457
   31   0.2500   3.8125   0.0000   0.5631   0.6194
   32   0.2500   3.9375   0.0000   0.5372   0.5909
   33   0.2500   4.0625   0.0000   0.5091   0.5600
   34   0.2500   4.1875   0.0000   0.4784   0.5263
   35   0.2500   4.3125   0.0000   0.4446   0.4891
   36   0.2500   4.4375   0.0000   0.4069   0.4476
   37   0.2500   4.5625   0.0000   0.3640   0.4005
   38   0.2500   4.6875   0.0000   0.3141   0.3455
   39   0.2500   4.8125   0.0000   0.2529   0.2781
   40   0.2500   4.9375   0.0000   0.1696   0.1866

    0.60000 = actual lift coefficient
    0.51818 = actual moment coefficient
    0.01415 = induced drag coefficient
    0.78408 = span efficiency factor
