0.0000  0.0000  0
0.0204  0.0012  0
0.0408  0.0024  0
0.0612  0.0037  0
0.0816  0.0049  0
0.1020  0.0061  0
0.1224  0.0073  0
0.1429  0.0086  0
0.1633  0.0098  0
0.1837  0.0110  0
0.2041  0.0122  0
0.2245  0.0135  0
0.2449  0.0147  0
0.2653  0.0159  0
0.2857  0.0171  0
0.3061  0.0184  0
0.3265  0.0196  0
0.3469  0.0208  0
0.3673  0.0220  0
0.3878  0.0233  0
0.4082  0.0245  0
0.4286  0.0257  0
0.4490  0.0269  0
0.4694  0.0282  0
0.4898  0.0294  0
0.5102  0.0294  0
0.5306  0.0282  0
0.5510  0.0269  0
0.5714  0.0257  0
0.5918  0.0245  0
0.6122  0.0233  0
0.6327  0.0220  0
0.6531  0.0208  0
0.6735  0.0196  0
0.6939  0.0184  0
0.7143  0.0171  0
0.7347  0.0159  0
0.7551  0.0147  0
0.7755  0.0135  0
0.7959  0.0122  0
0.8163  0.0110  0
0.8367  0.0098  0
0.8571  0.0086  0
0.8776  0.0073  0
0.8980  0.0061  0
0.9184  0.0049  0
0.9388  0.0037  0
0.9592  0.0024  0
0.9796  0.0012  0
1.0000  0.0000  0
0.9796 -0.0012  0
0.9592 -0.0024  0
0.9388 -0.0037  0
0.9184 -0.0049  0
0.8980 -0.0061  0
0.8776 -0.0073  0
0.8571 -0.0086  0
0.8367 -0.0098  0
0.8163 -0.0110  0
0.7959 -0.0122  0
0.7755 -0.0135  0
0.7551 -0.0147  0
0.7347 -0.0159  0
0.7143 -0.0171  0
0.6939 -0.0184  0
0.6735 -0.0196  0
0.6531 -0.0208  0
0.6327 -0.0220  0
0.6122 -0.0233  0
0.5918 -0.0245  0
0.5714 -0.0257  0
0.5510 -0.0269  0
0.5306 -0.0282  0
0.5102 -0.0294  0
0.4898 -0.0294  0
0.4694 -0.0282  0
0.4490 -0.0269  0
0.4286 -0.0257  0
0.4082 -0.0245  0
0.3878 -0.0233  0
0.3673 -0.0220  0
0.3469 -0.0208  0
0.3265 -0.0196  0
0.3061 -0.0184  0
0.2857 -0.0171  0
0.2653 -0.0159  0
0.2449 -0.0147  0
0.2245 -0.0135  0
0.2041 -0.0122  0
0.1837 -0.0110  0
0.1633 -0.0098  0
0.1429 -0.0086  0
0.1224 -0.0073  0
0.1020 -0.0061  0
0.0816 -0.0049  0
0.0612 -0.0037  0
0.0408 -0.0024  0
0.0204 -0.0012  0
0.0000  0.0000  0