1.000000   0.000000   0
0.950081   0.004515   0
0.900160   0.008963   0
0.850227   0.013283   0
0.800232   0.017521   0
0.750193   0.021396   0
0.700164   0.024946   0
0.650129   0.028131   0
0.600086   0.030879   0
0.550037   0.033153   0
0.499983   0.034895   0
0.449925   0.036010   0
0.399865   0.036372   0
0.349807   0.035886   0
0.299751   0.034709   0
0.249700   0.032847   0
0.199656   0.030241   0
0.149622   0.026764   0
0.099604   0.022184   0
0.074606   0.019297   0
0.049619   0.015838   0
0.024657   0.011316   0
0.012202   0.008141   0
0.007235   0.006408   0
0.004762   0.005291   0
0.000000   0.000000   0
0.005238  -0.004729   0
0.007765  -0.005617   0
0.012798  -0.006934   0
0.025343  -0.009206   0
0.050381  -0.012232   0
0.075394  -0.014434   0
0.100396  -0.016223   0
0.150378  -0.018957   0
0.200344  -0.020940   0
0.250300  -0.022333   0
0.300249  -0.023223   0
0.350193  -0.023647   0
0.400135  -0.023583   0
0.450075  -0.022868   0
0.500017  -0.021594   0
0.549963  -0.019891   0
0.599914  -0.017863   0
0.649871  -0.015584   0
0.699836  -0.013120   0
0.749807  -0.010595   0
0.799768  -0.008174   0
0.849773  -0.006069   0
0.899840  -0.004058   0
0.949919  -0.002063   0
1.000000   0.000000   0
