100.000000 0.000000 0
95.010800 0.466300 0
90.021500 0.929000 0
85.030500 1.372600 0
80.031200 1.799300 0
75.025900 2.156200 0
70.022000 2.461700 0
65.017300 2.721500 0
60.011600 2.934900 0
55.005000 3.101300 0
49.997700 3.218100 0
44.989900 3.279500 0
39.982000 3.277400 0
34.974200 3.206900 0
29.966800 3.077500 0
24.960100 2.888300 0
19.954200 2.633600 0
14.949600 2.302500 0
9.947300 1.874600 0
7.447500 1.609600 0
4.949200 1.295900 0
2.454300 0.895700 0
1.210200 0.624600 0
0.714600 0.481400 0
0.468100 0.391600 0
0.000000 0.000000 0
0.531900 -0.279100 0
0.785400 -0.323300 0
1.289800 -0.383300 0
2.545700 -0.473800 0
5.050800 -0.574700 0
7.552500 -0.636900 0
10.052700 -0.682500 0
15.050400 -0.741100 0
20.045800 -0.773400 0
25.039900 -0.785400 0
30.033200 -0.780300 0
35.025800 -0.759100 0
40.018000 -0.719600 0
45.010100 -0.651100 0
50.002300 -0.558000 0
54.995000 -0.449000 0
59.988400 -0.331700 0
64.982700 -0.212100 0
69.978000 -0.096500 0
74.974100 0.004100 0
79.968800 0.070000 0
84.969500 0.070200 0
89.978500 0.051800 0
94.989200 0.024100 0
100.000000 0.000000 0
