1.000000   0.000000   0
0.950526   0.010271   0
0.901037   0.020378   0
0.851476   0.030176   0
0.801512   0.039649   0
0.751262   0.047765   0
0.701075   0.054862   0
0.650846   0.061038   0
0.600569   0.066225   0
0.550246   0.070377   0
0.499886   0.073423   0
0.449499   0.075201   0
0.399100   0.075515   0
0.348709   0.074133   0
0.298338   0.071304   0
0.247998   0.067058   0
0.197704   0.061272   0
0.147481   0.053683   0
0.097369   0.043822   0
0.072386   0.037680   0
0.047484   0.030383   0
0.022757   0.021008   0
0.010571   0.014612   0
0.005801   0.011235   0
0.003478   0.009129   0
0.000000   0.000000   0
0.006522  -0.006880   0
0.009199  -0.008073   0
0.014429  -0.009786   0
0.027243  -0.012570   0
0.052516  -0.015959   0
0.077614  -0.018226   0
0.102631  -0.019981   0
0.152519  -0.022455   0
0.202296  -0.024067   0
0.252002  -0.025001   0
0.301662  -0.025361   0
0.351291  -0.025177   0
0.400900  -0.024360   0
0.450501  -0.022634   0
0.500114  -0.020221   0
0.549754  -0.017331   0
0.599431  -0.014162   0
0.649154  -0.010850   0
0.698925  -0.007557   0
0.748738  -0.004558   0
0.798488  -0.002262   0
0.848524  -0.001320   0
0.898963  -0.000761   0
0.949474  -0.000463   0
1.000000   0.000000   0
